STATIONS_ID;MESS_DATUM;QN_6;  RS; RSF;SH_TAG;NSH_TAG;eor
       1046;20200115;    9;   1.5;   4;   0;   0;eor
       1046;20200116;    9;   0.0;   0;   0;   0;eor
       1046;20200117;    9;   0.2;   4;   0;   0;eor
       1046;20200118;    9;   1.3;   4;   0;   0;eor
       1046;20200119;    9;   0.6;   4;   0;   0;eor
       1046;20200120;    9;   0.0;   0;   0;   0;eor
       1046;20200121;    9;   0.0;   4;   0;   0;eor
       1046;20200122;    9;   0.0;   0;   0;   0;eor
       1046;20200123;    9;   0.0;   0;   0;   0;eor
       1046;20200124;    9;   0.0;   0;   0;   0;eor
       1046;20200125;    9;   0.0;   0;   0;   0;eor
       1046;20200126;    9;   0.4;   4;   0;   0;eor
       1046;20200127;    9;   6.4;   4;   0;   0;eor
       1046;20200128;    9;   3.4;   4;   0;   0;eor
       1046;20200129;    9;   1.4;   4;   0;   0;eor
       1046;20200130;    9;   0.7;   4;   0;   0;eor
       1046;20200131;    9;   0.5;   4;   0;   0;eor
       1046;20200201;    9;   5.2;   4;   0;   0;eor
       1046;20200202;    9;   5.7;   4;   0;   0;eor
       1046;20200203;    9;   5.4;   4;   0;   0;eor
       1046;20200204;    9;   2.1;   4;   0;   0;eor
       1046;20200205;    9;   0.0;   0;   0;   0;eor
       1046;20200206;    9;   0.0;   0;   0;   0;eor
       1046;20200207;    9;   0.0;   0;   0;   0;eor
       1046;20200208;    9;   0.0;   0;   0;   0;eor
       1046;20200209;    9;  10.7;   4;   0;   0;eor
       1046;20200210;    9;   9.0;   4;   0;   0;eor
       1046;20200211;    9;   1.8;   4;   0;   0;eor
       1046;20200212;    9;   0.0;   0;   0;   0;eor
       1046;20200213;    9;   5.4;   4;   0;   0;eor
       1046;20200214;    9;   0.0;   0;   0;   0;eor
       1046;20200215;    9;   0.5;   4;   0;   0;eor
       1046;20200216;    9;   9.5;   4;   0;   0;eor
       1046;20200217;    9;   8.5;   4;   0;   0;eor
       1046;20200218;    9;   5.0;   4;   0;   0;eor
       1046;20200219;    9;   1.1;   4;   0;   0;eor
       1046;20200220;    9;   5.7;   4;   0;   0;eor
       1046;20200221;    9;   0.0;   0;   0;   0;eor
       1046;20200222;    9;   4.3;   4;   0;   0;eor
       1046;20200223;    9;  18.1;   4;   0;   0;eor
       1046;20200224;    9;   4.5;   4;   0;   0;eor
       1046;20200225;    9;   2.0;   4;   0;   0;eor
       1046;20200226;    9;   4.4;   4;   0;   0;eor
       1046;20200227;    9;   3.4;   4;   0;   0;eor
       1046;20200228;    9;   2.7;   4;   0;   0;eor
       1046;20200229;    9;   1.8;   4;   0;   0;eor
       1046;20200301;    9;   0.6;   4;   0;   0;eor
       1046;20200302;    9;   3.8;   4;   0;   0;eor
       1046;20200303;    9;   0.5;   4;   0;   0;eor
       1046;20200304;    9;   0.4;   4;   0;   0;eor
       1046;20200305;    9;   8.1;   4;   0;   0;eor
       1046;20200306;    9;   3.7;   4;   0;   0;eor
       1046;20200307;    9;   0.0;   0;   0;   0;eor
       1046;20200308;    9;   0.5;   4;   0;   0;eor
       1046;20200309;    9;   5.8;   4;   0;   0;eor
       1046;20200310;    9;  10.2;   4;   0;   0;eor
       1046;20200311;    9;   9.0;   4;   0;   0;eor
       1046;20200312;    9;   0.3;   4;   0;   0;eor
       1046;20200313;    9;   2.8;   4;   0;   0;eor
       1046;20200314;    9;   0.0;   0;   0;   0;eor
       1046;20200315;    9;   0.0;   0;   0;   0;eor
       1046;20200316;    9;   0.0;   0;   0;   0;eor
       1046;20200317;    9;   0.0;   0;   0;   0;eor
       1046;20200318;    9;   0.0;   0;   0;   0;eor
       1046;20200319;    9;   0.0;   0;   0;   0;eor
       1046;20200320;    9;   0.1;   4;   0;   0;eor
       1046;20200321;    9;   0.0;   0;   0;   0;eor
       1046;20200322;    9;   0.0;   0;   0;   0;eor
       1046;20200323;    9;   0.0;   0;   0;   0;eor
       1046;20200324;    9;   0.0;   0;   0;   0;eor
       1046;20200325;    9;   0.0;   0;   0;   0;eor
       1046;20200326;    9;   0.0;   0;   0;   0;eor
       1046;20200327;    9;   0.0;   0;   0;   0;eor
       1046;20200328;    9;   0.0;   0;   0;   0;eor
       1046;20200329;    9;   0.7;   4;   0;   0;eor
       1046;20200330;    9;   1.1;   4;   0;   0;eor
       1046;20200331;    9;   0.0;   0;   0;   0;eor
       1046;20200401;    9;   0.0;   0;   0;   0;eor
       1046;20200402;    9;   0.3;   4;   0;   0;eor
       1046;20200403;    9;   0.0;   4;   0;   0;eor
       1046;20200404;    9;   0.0;   0;   0;   0;eor
       1046;20200405;    9;   0.0;   0;   0;   0;eor
       1046;20200406;    9;   0.0;   0;   0;   0;eor
       1046;20200407;    9;   0.0;   0;   0;   0;eor
       1046;20200408;    9;   0.0;   0;   0;   0;eor
       1046;20200409;    9;   0.0;   0;   0;   0;eor
       1046;20200410;    9;   0.0;   0;   0;   0;eor
       1046;20200411;    9;   0.0;   0;   0;   0;eor
       1046;20200412;    9;   0.0;   0;   0;   0;eor
       1046;20200413;    9;   0.0;   0;   0;   0;eor
       1046;20200414;    9;   0.0;   0;   0;   0;eor
       1046;20200415;    9;   0.0;   0;   0;   0;eor
       1046;20200416;    9;   0.0;   0;   0;   0;eor
       1046;20200417;    9;   0.0;   0;   0;   0;eor
       1046;20200418;    9;  -999;-999;   0;   0;eor
       1046;20200419;    9;   0.0;   0;   0;   0;eor
       1046;20200420;    9;   0.0;   0;   0;   0;eor
       1046;20200421;    9;   0.0;   0;   0;   0;eor
       1046;20200422;    9;   0.0;   0;   0;   0;eor
       1046;20200423;    9;   0.0;   0;   0;   0;eor
       1046;20200424;    9;   0.0;   0;   0;   0;eor
       1046;20200425;    9;   0.0;   0;   0;   0;eor
       1046;20200426;    9;   0.0;   0;   0;   0;eor
       1046;20200427;    9;   0.0;   0;   0;   0;eor
       1046;20200428;    9;  12.7;   4;   0;   0;eor
       1046;20200429;    9;   2.9;   4;   0;   0;eor
       1046;20200430;    9;   3.2;   4;   0;   0;eor
       1046;20200501;    9;   2.1;   4;-999;-999;eor
       1046;20200503;    9;   3.5;   4;-999;-999;eor
       1046;20200504;    9;   0.3;   4;-999;-999;eor
       1046;20200505;    9;   0.0;   0;-999;-999;eor
       1046;20200506;    9;   0.0;   0;-999;-999;eor
       1046;20200507;    9;   0.0;   0;-999;-999;eor
       1046;20200508;    9;   0.0;   0;-999;-999;eor
       1046;20200509;    9;   0.0;   0;-999;-999;eor
       1046;20200510;    9;   0.4;   4;-999;-999;eor
       1046;20200511;    9;   0.0;   0;-999;-999;eor
       1046;20200512;    9;   0.0;   0;-999;-999;eor
       1046;20200513;    9;   0.0;   0;-999;-999;eor
       1046;20200514;    9;   0.0;   0;-999;-999;eor
       1046;20200515;    9;   0.0;   0;-999;-999;eor
       1046;20200516;    9;   0.0;   0;-999;-999;eor
       1046;20200517;    9;   0.0;   0;-999;-999;eor
       1046;20200518;    9;   0.0;   0;-999;-999;eor
       1046;20200519;    9;   0.0;   0;-999;-999;eor
       1046;20200520;    9;   0.1;   4;-999;-999;eor
       1046;20200521;    9;   0.0;   4;-999;-999;eor
       1046;20200522;    9;   0.8;   4;-999;-999;eor
       1046;20200523;    9;   2.3;   4;-999;-999;eor
       1046;20200524;    9;   5.4;   4;-999;-999;eor
       1046;20200525;    9;   0.0;   0;-999;-999;eor
       1046;20200526;    9;   0.0;   0;-999;-999;eor
       1046;20200527;    9;   0.0;   0;-999;-999;eor
       1046;20200528;    9;   0.0;   0;-999;-999;eor
       1046;20200529;    9;   0.0;   0;-999;-999;eor
       1046;20200530;    9;   0.0;   0;-999;-999;eor
       1046;20200531;    9;   0.0;   0;-999;-999;eor
       1046;20200601;    9;   0.0;   0;-999;-999;eor
       1046;20200602;    9;   0.0;   0;-999;-999;eor
       1046;20200603;    9;   0.0;   0;-999;-999;eor
       1046;20200606;    9;   0.4;   4;-999;-999;eor
       1046;20200607;    9;   0.0;   0;-999;-999;eor
       1046;20200608;    9;   0.0;   0;-999;-999;eor
       1046;20200609;    9;   0.2;   4;-999;-999;eor
       1046;20200610;    9;   0.1;   4;-999;-999;eor
       1046;20200611;    9;   0.1;   4;-999;-999;eor
       1046;20200612;    9;   0.0;   0;-999;-999;eor
       1046;20200613;    9;   0.0;   0;-999;-999;eor
       1046;20200614;    9;  50.0;   4;-999;-999;eor
       1046;20200615;    9;   0.2;   4;-999;-999;eor
       1046;20200616;    9;   0.8;   4;-999;-999;eor
       1046;20200617;    9;  11.0;   4;-999;-999;eor
       1046;20200618;    9;   0.9;   4;-999;-999;eor
       1046;20200619;    9;   0.0;   0;-999;-999;eor
       1046;20200620;    9;   0.0;   0;-999;-999;eor
       1046;20200621;    9;   0.9;   4;-999;-999;eor
       1046;20200622;    9;   0.0;   0;-999;-999;eor
       1046;20200623;    9;   0.0;   0;-999;-999;eor
       1046;20200624;    9;   0.0;   0;-999;-999;eor
       1046;20200625;    9;   0.0;   0;-999;-999;eor
       1046;20200626;    9;   0.4;   4;-999;-999;eor
       1046;20200627;    9;   1.2;   4;-999;-999;eor
       1046;20200628;    9;   0.1;   4;-999;-999;eor
       1046;20200629;    9;   2.8;   4;-999;-999;eor
       1046;20200630;    9;   1.5;   4;-999;-999;eor
       1046;20200701;    9;  13.8;   4;-999;-999;eor
       1046;20200702;    9;   1.5;   4;-999;-999;eor
       1046;20200703;    9;   0.0;   0;-999;-999;eor
       1046;20200704;    9;   1.2;   4;-999;-999;eor
       1046;20200705;    9;   0.4;   4;-999;-999;eor
       1046;20200706;    9;   4.4;   4;-999;-999;eor
       1046;20200707;    9;   2.0;   4;-999;-999;eor
       1046;20200708;    9;   2.1;   4;-999;-999;eor
       1046;20200709;    9;   1.6;   4;-999;-999;eor
       1046;20200710;    9;   3.0;   4;-999;-999;eor
       1046;20200711;    9;   0.0;   0;-999;-999;eor
       1046;20200712;    9;   0.0;   0;-999;-999;eor
       1046;20200713;    9;   0.0;   0;-999;-999;eor
       1046;20200714;    9;   2.7;   4;-999;-999;eor
       1046;20200715;    9;   0.0;   0;-999;-999;eor
       1046;20200716;    9;   1.9;   4;-999;-999;eor
       1046;20200717;    9;   1.0;   4;-999;-999;eor
       1046;20200718;    9;   0.0;   0;-999;-999;eor
       1046;20200719;    9;   1.9;   4;-999;-999;eor
       1046;20200720;    9;   0.0;   0;-999;-999;eor
       1046;20200721;    9;   0.0;   0;-999;-999;eor
       1046;20200722;    9;   0.0;   0;-999;-999;eor
       1046;20200723;    9;   0.0;   0;-999;-999;eor
       1046;20200724;    9;   0.0;   0;-999;-999;eor
       1046;20200725;    9;  15.3;   4;-999;-999;eor
       1046;20200726;    9;   0.5;   4;-999;-999;eor
       1046;20200727;    9;   0.5;   4;-999;-999;eor
       1046;20200728;    9;   0.0;   4;-999;-999;eor
       1046;20200729;    9;   0.0;   0;-999;-999;eor
       1046;20200730;    9;   0.0;   0;-999;-999;eor
       1046;20200731;    9;   0.0;   0;-999;-999;eor
       1046;20200801;    3;   6.7;   4;-999;-999;eor
       1046;20200802;    3;   0.0;   0;-999;-999;eor
       1046;20200803;    3;   0.0;   0;-999;-999;eor
       1046;20200804;    3;   0.0;   0;-999;-999;eor
       1046;20200805;    3;   0.0;   0;-999;-999;eor
       1046;20200806;    3;   0.4;   4;-999;-999;eor
       1046;20200807;    3;   0.0;   0;-999;-999;eor
       1046;20200808;    3;   0.0;   0;-999;-999;eor
       1046;20200809;    3;   9.3;   4;-999;-999;eor
       1046;20200810;    3;   0.0;   0;-999;-999;eor
       1046;20200811;    3;   0.0;   0;-999;-999;eor
       1046;20200812;    3;   0.0;   0;-999;-999;eor
       1046;20200813;    3;   0.9;   4;-999;-999;eor
       1046;20200814;    3;  56.5;   4;-999;-999;eor
       1046;20200815;    3;   0.0;   0;-999;-999;eor
       1046;20200816;    3;   1.7;   4;-999;-999;eor
       1046;20200817;    3;   1.2;   4;-999;-999;eor
       1046;20200818;    3;   3.5;   4;-999;-999;eor
       1046;20200819;    3;   0.0;   4;-999;-999;eor
       1046;20200820;    3;   0.7;   4;-999;-999;eor
       1046;20200821;    3;   3.3;   4;-999;-999;eor
       1046;20200822;    3;   0.1;   4;-999;-999;eor
       1046;20200823;    3;   0.7;   4;-999;-999;eor
       1046;20200824;    3;   1.5;   4;-999;-999;eor
       1046;20200825;    3;   2.5;   4;-999;-999;eor
       1046;20200826;    3;   0.6;   4;-999;-999;eor
       1046;20200827;    3;   1.5;   4;-999;-999;eor
       1046;20200828;    3;   0.1;   4;-999;-999;eor
       1046;20200829;    3;   0.6;   4;-999;-999;eor
       1046;20200830;    3;   0.0;   0;-999;-999;eor
       1046;20200831;    3;   0.0;   0;-999;-999;eor
       1046;20200901;    3;   0.1;   4;-999;-999;eor
       1046;20200902;    3;   0.0;   4;-999;-999;eor
       1046;20200903;    3;   7.2;   4;-999;-999;eor
       1046;20200904;    3;   6.1;   4;-999;-999;eor
       1046;20200905;    3;   6.1;   4;-999;-999;eor
       1046;20200906;    3;   0.0;   0;-999;-999;eor
       1046;20200907;    3;   0.0;   0;-999;-999;eor
       1046;20200908;    3;   0.0;   0;-999;-999;eor
       1046;20200909;    3;   0.4;   4;-999;-999;eor
       1046;20200910;    3;   0.0;   0;-999;-999;eor
       1046;20200911;    3;   0.0;   0;-999;-999;eor
       1046;20200912;    3;   0.0;   0;-999;-999;eor
       1046;20200913;    3;   0.0;   0;-999;-999;eor
       1046;20200914;    3;   0.0;   0;-999;-999;eor
       1046;20200915;    3;   0.0;   0;-999;-999;eor
       1046;20200916;    3;   0.0;   0;-999;-999;eor
       1046;20200917;    3;   0.0;   0;-999;-999;eor
       1046;20200918;    3;   0.0;   0;-999;-999;eor
       1046;20200919;    3;   0.0;   0;-999;-999;eor
       1046;20200920;    3;   0.0;   0;-999;-999;eor
       1046;20200921;    3;   0.0;   0;-999;-999;eor
       1046;20200922;    3;   0.0;   0;-999;-999;eor
       1046;20200923;    3;   2.1;   4;-999;-999;eor
       1046;20200924;    3;   2.6;   4;-999;-999;eor
       1046;20200925;    3;   0.4;   4;-999;-999;eor
       1046;20200926;    3;  19.6;   4;-999;-999;eor
       1046;20200927;    3;   0.1;   4;-999;-999;eor
       1046;20200928;    3;   0.3;   4;-999;-999;eor
       1046;20200929;    3;   1.3;   4;-999;-999;eor
       1046;20200930;    3;   0.0;   4;-999;-999;eor
       1046;20201001;    3;   3.0;   4;   0;   0;eor
       1046;20201002;    3;   0.0;   4;   0;   0;eor
       1046;20201003;    3;   3.9;   4;   0;   0;eor
       1046;20201004;    3;   0.3;   4;   0;   0;eor
       1046;20201005;    3;   1.8;   4;   0;   0;eor
       1046;20201006;    3;   3.6;   4;   0;   0;eor
       1046;20201007;    3;   1.2;   4;   0;   0;eor
       1046;20201008;    3;   8.3;   4;   0;   0;eor
       1046;20201009;    3;   0.0;   0;   0;   0;eor
       1046;20201010;    3;   4.4;   4;   0;   0;eor
       1046;20201011;    3;   3.6;   4;   0;   0;eor
       1046;20201012;    3;   0.5;   4;   0;   0;eor
       1046;20201013;    3;   0.0;   0;   0;   0;eor
       1046;20201014;    3;   0.1;   4;   0;   0;eor
       1046;20201015;    3;   0.0;   0;   0;   0;eor
       1046;20201016;    3;   0.0;   0;   0;   0;eor
       1046;20201017;    3;   0.3;   4;   0;   0;eor
       1046;20201018;    3;   0.3;   4;   0;   0;eor
       1046;20201019;    3;   0.0;   0;   0;   0;eor
       1046;20201020;    3;   3.6;   4;   0;   0;eor
       1046;20201021;    3;   2.3;   4;   0;   0;eor
       1046;20201022;    3;   2.6;   4;   0;   0;eor
       1046;20201023;    3;   2.2;   4;   0;   0;eor
       1046;20201024;    3;   0.0;   0;   0;   0;eor
       1046;20201025;    3;   7.3;   4;   0;   0;eor
       1046;20201026;    3;   0.4;   4;   0;   0;eor
       1046;20201027;    3;   0.2;   4;   0;   0;eor
       1046;20201028;    3;   6.7;   4;   0;   0;eor
       1046;20201029;    3;   4.5;   4;   0;   0;eor
       1046;20201030;    3;   0.3;   4;   0;   0;eor
       1046;20201031;    3;   0.6;   4;   0;   0;eor
       1046;20201101;    3;   0.2;   4;   0;   0;eor
       1046;20201102;    3;   1.5;   4;   0;   0;eor
       1046;20201103;    3;   0.0;   4;   0;   0;eor
       1046;20201104;    3;   0.0;   0;   0;   0;eor
       1046;20201105;    3;   0.0;   0;   0;   0;eor
       1046;20201106;    3;   0.0;   0;   0;   0;eor
       1046;20201107;    3;   0.0;   0;   0;   0;eor
       1046;20201108;    3;   0.0;   0;   0;   0;eor
       1046;20201109;    3;   0.0;   0;   0;   0;eor
       1046;20201110;    3;   0.0;   0;   0;   0;eor
       1046;20201111;    3;   0.7;   4;   0;   0;eor
       1046;20201112;    3;   0.5;   4;   0;   0;eor
       1046;20201113;    3;   0.7;   4;   0;   0;eor
       1046;20201114;    3;   0.0;   0;   0;   0;eor
       1046;20201115;    3;   3.7;   4;   0;   0;eor
       1046;20201116;    3;   1.5;   4;   0;   0;eor
       1046;20201117;    3;   0.9;   4;   0;   0;eor
       1046;20201118;    3;   0.1;   4;   0;   0;eor
       1046;20201119;    3;   1.9;   4;   0;   0;eor
       1046;20201120;    3;   0.0;   0;   0;   0;eor
       1046;20201121;    3;   0.0;   4;   0;   0;eor
       1046;20201122;    3;   1.3;   4;   0;   0;eor
       1046;20201123;    3;   0.0;   0;   0;   0;eor
       1046;20201124;    3;   0.0;   0;   0;   0;eor
       1046;20201125;    3;   0.0;   0;   0;   0;eor
       1046;20201126;    3;   0.3;   4;   0;   0;eor
       1046;20201127;    3;   0.0;   0;   0;   0;eor
       1046;20201128;    3;   0.0;   0;   0;   0;eor
       1046;20201129;    3;   0.0;   0;   0;   0;eor
       1046;20201130;    3;   5.6;   4;   0;   0;eor
       1046;20201201;    3;   1.1;   4;   0;   0;eor
       1046;20201202;    3;   0.6;   4;   0;   0;eor
       1046;20201203;    3;   0.0;   0;   0;   0;eor
       1046;20201204;    3;   1.2;   4;   0;   0;eor
       1046;20201205;    3;   0.3;   4;   0;   0;eor
       1046;20201206;    3;   4.2;   4;   0;   0;eor
       1046;20201207;    3;   1.4;   4;   0;   0;eor
       1046;20201208;    3;   0.0;   0;   0;   0;eor
       1046;20201209;    3;   0.0;   0;   0;   0;eor
       1046;20201210;    3;   0.0;   0;   0;   0;eor
       1046;20201211;    3;   0.0;   4;   0;   0;eor
       1046;20201212;    3;   0.7;   4;   0;   0;eor
       1046;20201213;    3;   0.0;   0;   0;   0;eor
       1046;20201214;    3;   2.7;   4;   0;   0;eor
       1046;20201215;    3;   3.2;   4;   0;   0;eor
       1046;20201216;    3;   0.0;   0;   0;   0;eor
       1046;20201217;    3;   0.7;   4;   0;   0;eor
       1046;20201218;    3;   0.0;   0;   0;   0;eor
       1046;20201219;    3;   0.0;   0;   0;   0;eor
       1046;20201220;    3;   0.9;   4;   0;   0;eor
       1046;20201221;    3;   6.5;   4;   0;   0;eor
       1046;20201222;    3;   3.1;   4;   0;   0;eor
       1046;20201223;    3;   8.8;   4;   0;   0;eor
       1046;20201224;    3;   2.1;   4;   0;   0;eor
       1046;20201225;    3;   0.0;   0;   0;   0;eor
       1046;20201226;    3;   0.0;   0;   0;   0;eor
       1046;20201227;    3;   1.7;   4;   0;   0;eor
       1046;20201228;    3;   1.8;   4;   0;   0;eor
       1046;20201229;    3;   0.6;   4;   0;   0;eor
       1046;20201230;    3;   1.3;   4;   0;   0;eor
       1046;20201231;    3;   0.8;   4;   0;   0;eor
       1046;20210101;    3;   0.0;   4;   0;   0;eor
       1046;20210102;    3;   0.0;   0;   0;   0;eor
       1046;20210103;    3;   2.2;   4;   0;   0;eor
       1046;20210104;    3;   0.1;   4;   0;   0;eor
       1046;20210105;    3;   1.0;   4;   0;   0;eor
       1046;20210106;    3;   0.1;   4;   0;   0;eor
       1046;20210107;    3;   4.5;   4;   0;   0;eor
       1046;20210108;    3;   0.5;   4;   0;   0;eor
       1046;20210109;    3;   0.4;   4;   0;   0;eor
       1046;20210110;    3;   0.0;   0;   0;   0;eor
       1046;20210111;    3;   6.4;   4;   0;   0;eor
       1046;20210112;    3;   5.0;   4;   0;   0;eor
       1046;20210113;    3;   0.0;   4;   0;   0;eor
       1046;20210114;    3;   0.0;   0;   0;   0;eor
       1046;20210115;    3;   0.0;   0;   0;   0;eor
       1046;20210116;    3;   1.1;   4;   0;   0;eor
       1046;20210117;    3;   1.1;   4;   2;   2;eor
       1046;20210118;    3;   0.6;   4;   0;   0;eor
       1046;20210119;    3;   6.9;   4;   0;   0;eor
       1046;20210120;    3;   0.0;   0;   0;   0;eor
       1046;20210121;    3;   7.3;   4;   0;   0;eor
       1046;20210122;    3;   0.0;   0;   0;   0;eor
       1046;20210123;    3;   0.8;   4;   0;   0;eor
       1046;20210124;    3;   2.3;   4;   0;   0;eor
       1046;20210125;    3;   0.9;   4;   0;   0;eor
       1046;20210126;    3;   0.2;   4;   0;   0;eor
       1046;20210127;    3;   0.8;   4;   0;   0;eor
       1046;20210128;    3;  11.9;   4;   0;   0;eor
       1046;20210129;    3;   7.7;   4;   0;   0;eor
       1046;20210130;    3;   0.0;   0;   0;   0;eor
       1046;20210131;    3;   0.2;   4;   0;   0;eor
       1046;20210201;    3;   0.0;   4;   0;   0;eor
       1046;20210202;    3;   8.1;   4;   0;   0;eor
       1046;20210203;    3;  15.8;   4;   0;   0;eor
       1046;20210204;    3;   0.0;   4;   0;   0;eor
       1046;20210205;    3;   0.2;   4;   0;   0;eor
       1046;20210206;    3;   6.9;   4;   0;   0;eor
       1046;20210207;    3;   1.7;   4;  15;  15;eor
       1046;20210208;    3;   0.6;   4;  22;   8;eor
       1046;20210209;    3;   0.0;   0;  25;   4;eor
       1046;20210210;    3;   0.0;   0;  22;   0;eor
       1046;20210211;    3;   0.0;   4;  20;   0;eor
       1046;20210212;    3;   0.0;   0;  19;   0;eor
       1046;20210213;    3;   0.0;   0;  17;   0;eor
       1046;20210214;    3;   0.0;   0;  17;   0;eor
       1046;20210215;    3;   3.4;   4;  16;   0;eor
       1046;20210216;    3;   1.5;   4;  10;   0;eor
       1046;20210217;    3;   0.0;   0;   0;   0;eor
       1046;20210218;    3;   1.1;   4;   0;   0;eor
       1046;20210219;    3;   0.0;   0;   0;   0;eor
       1046;20210220;    3;   0.0;   0;   0;   0;eor
       1046;20210221;    3;   0.0;   0;   0;   0;eor
       1046;20210222;    3;   0.0;   0;   0;   0;eor
       1046;20210223;    3;   0.0;   0;   0;   0;eor
       1046;20210224;    3;   0.0;   0;   0;   0;eor
       1046;20210225;    3;   4.7;   4;   0;   0;eor
       1046;20210226;    3;   0.4;   4;   0;   0;eor
       1046;20210227;    3;   0.0;   0;   0;   0;eor
       1046;20210228;    3;   0.0;   0;   0;   0;eor
       1046;20210301;    3;   0.0;   0;   0;   0;eor
       1046;20210302;    3;   0.0;   0;   0;   0;eor
       1046;20210303;    3;   0.1;   4;   0;   0;eor
       1046;20210304;    3;   3.6;   4;   0;   0;eor
       1046;20210305;    3;   0.0;   0;   0;   0;eor
       1046;20210306;    3;   0.0;   0;   0;   0;eor
       1046;20210307;    3;   0.5;   4;   0;   0;eor
       1046;20210308;    3;   2.0;   4;   0;   0;eor
       1046;20210309;    3;   4.4;   4;   0;   0;eor
       1046;20210310;    3;   2.3;   4;   0;   0;eor
       1046;20210311;    3;   5.6;   4;   0;   0;eor
       1046;20210312;    3;   6.6;   4;   0;   0;eor
       1046;20210313;    3;   8.8;   4;   0;   0;eor
       1046;20210314;    3;   4.2;   4;   0;   0;eor
       1046;20210315;    3;   0.9;   4;   0;   0;eor
       1046;20210316;    3;   2.7;   4;   0;   0;eor
       1046;20210317;    3;   0.5;   4;   0;   0;eor
       1046;20210318;    3;   1.2;   4;   0;   0;eor
       1046;20210319;    3;   0.0;   4;   0;   0;eor
       1046;20210320;    3;   0.2;   4;   0;   0;eor
       1046;20210321;    3;   0.2;   4;   0;   0;eor
       1046;20210322;    3;   0.1;   4;   0;   0;eor
       1046;20210323;    3;   0.0;   0;   0;   0;eor
       1046;20210324;    3;   0.0;   0;   0;   0;eor
       1046;20210325;    3;   0.0;   0;   0;   0;eor
       1046;20210326;    3;   2.1;   4;   0;   0;eor
       1046;20210327;    3;   5.2;   4;   0;   0;eor
       1046;20210328;    3;   0.0;   0;   0;   0;eor
       1046;20210329;    3;   0.0;   0;   0;   0;eor
       1046;20210330;    3;   0.0;   0;   0;   0;eor
       1046;20210331;    3;   0.0;   0;   0;   0;eor
       1046;20210401;    3;   0.0;   0;   0;   0;eor
       1046;20210402;    3;   0.0;   0;   0;   0;eor
       1046;20210403;    3;   0.0;   0;   0;   0;eor
       1046;20210404;    3;   0.0;   0;   0;   0;eor
       1046;20210405;    3;   2.5;   4;   0;   0;eor
       1046;20210406;    3;   2.3;   4;   0;   0;eor
       1046;20210407;    3;   5.5;   4;   0;   0;eor
       1046;20210408;    3;   0.0;   0;   0;   0;eor
       1046;20210409;    3;   0.5;   4;   0;   0;eor
       1046;20210410;    3;   4.8;   4;   0;   0;eor
       1046;20210411;    3;   2.5;   4;   0;   0;eor
       1046;20210412;    3;   0.8;   4;   0;   0;eor
       1046;20210413;    3;   0.0;   0;   0;   0;eor
       1046;20210414;    3;   0.2;   4;   0;   0;eor
       1046;20210415;    3;   0.0;   0;   0;   0;eor
       1046;20210416;    3;   0.0;   0;   0;   0;eor
       1046;20210417;    3;   0.0;   0;   0;   0;eor
       1046;20210418;    3;   3.4;   4;   0;   0;eor
       1046;20210419;    3;   0.0;   0;   0;   0;eor
       1046;20210420;    3;   0.0;   0;   0;   0;eor
       1046;20210421;    3;   0.0;   0;   0;   0;eor
       1046;20210422;    3;   0.0;   0;   0;   0;eor
       1046;20210423;    3;   0.0;   0;   0;   0;eor
       1046;20210424;    3;   0.0;   0;   0;   0;eor
       1046;20210425;    3;   0.0;   0;   0;   0;eor
       1046;20210426;    3;   0.0;   0;   0;   0;eor
       1046;20210427;    3;   0.0;   0;   0;   0;eor
       1046;20210428;    3;   0.1;   4;   0;   0;eor
       1046;20210429;    3;   0.8;   4;   0;   0;eor
       1046;20210430;    3;   0.0;   0;   0;   0;eor
       1046;20210501;    3;   0.0;   0;-999;-999;eor
       1046;20210502;    3;   0.2;   4;-999;-999;eor
       1046;20210503;    3;   0.7;   4;-999;-999;eor
       1046;20210504;    3;   5.3;   4;-999;-999;eor
       1046;20210505;    3;   4.3;   4;-999;-999;eor
       1046;20210506;    1;   5.0;   4;-999;-999;eor
       1046;20210507;    1;   0.5;   4;-999;-999;eor
       1046;20210508;    1;   0.5;   4;-999;-999;eor
       1046;20210509;    1;   0.0;   0;-999;-999;eor
       1046;20210510;    1;   5.8;   4;-999;-999;eor
       1046;20210511;    1;   2.4;   4;-999;-999;eor
       1046;20210512;    1;   0.0;   0;-999;-999;eor
       1046;20210513;    1;   0.4;   4;-999;-999;eor
       1046;20210514;    1;   4.2;   4;-999;-999;eor
       1046;20210515;    1;   4.7;   4;-999;-999;eor
       1046;20210516;    1;   3.2;   4;-999;-999;eor
       1046;20210517;    1;   4.9;   4;-999;-999;eor
       1046;20210518;    1;   7.4;   4;-999;-999;eor
       1046;20210519;    1;   0.8;   4;-999;-999;eor
       1046;20210520;    1;   0.0;   0;-999;-999;eor
       1046;20210521;    1;   0.0;   4;-999;-999;eor
       1046;20210522;    1;   6.9;   4;-999;-999;eor
       1046;20210523;    1;   2.0;   4;-999;-999;eor
       1046;20210524;    1;   0.1;   4;-999;-999;eor
       1046;20210525;    1;  10.8;   4;-999;-999;eor
       1046;20210526;    1;   9.8;   4;-999;-999;eor
       1046;20210527;    1;   2.3;   4;-999;-999;eor
       1046;20210528;    1;   0.0;   0;-999;-999;eor
       1046;20210529;    1;   0.0;   0;-999;-999;eor
       1046;20210530;    1;   0.0;   0;-999;-999;eor
       1046;20210531;    1;   0.0;   0;-999;-999;eor
       1046;20210601;    1;   0.0;   0;-999;-999;eor
       1046;20210602;    1;   0.0;   0;-999;-999;eor
       1046;20210603;    1;   4.4;   4;-999;-999;eor
       1046;20210604;    1;   0.0;   4;-999;-999;eor
       1046;20210605;    1;   0.4;   4;-999;-999;eor
       1046;20210606;    1;   0.0;   0;-999;-999;eor
       1046;20210607;    1;   0.0;   0;-999;-999;eor
       1046;20210608;    1;   0.0;   0;-999;-999;eor
       1046;20210609;    1;   0.0;   0;-999;-999;eor
       1046;20210610;    1;   0.0;   0;-999;-999;eor
       1046;20210611;    1;   0.0;   0;-999;-999;eor
       1046;20210612;    1;   0.0;   0;-999;-999;eor
       1046;20210613;    1;   0.0;   0;-999;-999;eor
       1046;20210614;    1;   0.0;   0;-999;-999;eor
       1046;20210615;    1;   0.0;   0;-999;-999;eor
       1046;20210616;    1;   0.0;   0;-999;-999;eor
       1046;20210617;    1;   0.0;   0;-999;-999;eor
       1046;20210618;    1;   0.0;   0;-999;-999;eor
       1046;20210619;    1;  19.3;   4;-999;-999;eor
       1046;20210620;    1;  12.5;   4;-999;-999;eor
       1046;20210621;    1;   3.5;   4;-999;-999;eor
       1046;20210622;    1;   1.4;   4;-999;-999;eor
       1046;20210623;    1;   0.0;   0;-999;-999;eor
       1046;20210624;    1;   0.0;   0;-999;-999;eor
       1046;20210625;    1;   0.0;   0;-999;-999;eor
       1046;20210626;    1;   0.0;   0;-999;-999;eor
       1046;20210627;    1;   2.8;   4;-999;-999;eor
       1046;20210628;    1;   1.3;   4;-999;-999;eor
       1046;20210629;    1;   9.3;   4;-999;-999;eor
       1046;20210630;    1;   0.4;   4;-999;-999;eor
       1046;20210701;    1;   2.4;   4;-999;-999;eor
       1046;20210702;    1;   0.0;   0;-999;-999;eor
       1046;20210703;    1;   2.0;   4;-999;-999;eor
       1046;20210704;    1;   4.9;   4;-999;-999;eor
       1046;20210705;    1;   5.5;   4;-999;-999;eor
       1046;20210706;    1;   1.4;   4;-999;-999;eor
       1046;20210707;    1;   0.0;   4;-999;-999;eor
       1046;20210708;    1;   4.7;   4;-999;-999;eor
       1046;20210709;    1;   0.0;   0;-999;-999;eor
       1046;20210710;    1;  10.3;   4;-999;-999;eor
       1046;20210711;    1;   0.9;   4;-999;-999;eor
       1046;20210712;    1;   0.5;   4;-999;-999;eor
       1046;20210713;    1;  13.0;   4;-999;-999;eor
       1046;20210714;    1;  32.6;   4;-999;-999;eor
       1046;20210715;    1;   0.0;   0;-999;-999;eor
       1046;20210716;    1;   0.0;   0;-999;-999;eor
       1046;20210717;    1;   0.0;   0;-999;-999;eor
